123456;
z=50;pixel=10.8