<<<<<<< HEAD
123456;
z=50;pixel=10.8
=======
123456
a=1;b=632.8
>>>>>>> test
