123456
a=1;b=632.8